date,actual_deaths,total_deaths,predicted_deaths_mean,predicted_deaths_lower,predicted_deaths_upper,predicted_total_deaths_mean,predicted_total_deaths_lower,predicted_total_deaths_upper,predicted_new_infected_mean,predicted_new_infected_lower,predicted_new_infected_upper,predicted_current_infected_mean,predicted_current_infected_lower,predicted_current_infected_upper,predicted_total_infected_mean,predicted_total_infected_lower,predicted_total_infected_upper,r_values_mean
2020-03-02,,,,,,,,,24,10,30,24,10,30,24,10,30,1.33555555556
2020-03-03,,,,,,,,,24,10,30,48,20,60,48,20,60,1.33512660133
2020-03-04,,,,,,,,,24,10,30,71,30,90,71,30,90,1.33497293035
2020-03-05,,,,,,,,,24,10,30,95,40,120,95,40,120,1.33476333315
2020-03-06,,,,,,,,,24,10,30,119,50,150,119,50,150,1.33447697768
2020-03-07,,,,,,,,,24,10,30,143,60,180,143,60,180,1.33408503297
2020-03-08,,,,,,,,,24,10,30,166,70,210,166,70,210,1.3335474997
2020-03-09,,,,,,,,,24,10,30,190,80,240,190,80,240,1.33280876969
2020-03-10,,,,,,,,,24,10,30,214,90,270,214,90,270,1.33179144374
2020-03-11,,,,,,,,,53,23,78,267,113,348,267,113,348,1.3303465759
2020-03-12,,,,,,,,,53,23,78,321,137,425,321,137,425,1.32840246735
2020-03-13,,,,,,,,,55,24,81,375,162,506,375,162,506,1.32571182372
2020-03-14,,,,,,,,,58,26,87,433,189,592,433,189,592,1.3220073097
2020-03-15,,,,,,,,,65,30,101,499,219,692,499,219,692,1.31693707224
2020-03-16,,,,,,,,,77,36,121,575,256,813,575,256,813,1.31008582933
2020-03-17,,,,,,,,,84,40,133,636,287,915,660,297,945,1.30103194749
2020-03-18,,,,,,,,,90,44,141,703,321,1026,750,341,1086,1.28945955061
2020-03-19,,,,,,,,,97,48,148,775,360,1143,847,390,1233,1.2752897448
2020-03-20,,,,,,,,,103,53,155,855,403,1267,950,443,1387,1.25874109954
2020-03-21,,,,,,,,,111,58,165,942,452,1402,1061,502,1552,1.24026963479
2020-03-22,,,,,,,,,119,64,176,1037,507,1547,1180,567,1727,1.22043229674
2020-03-23,,,,,,,,,125,70,184,1138,567,1700,1305,637,1910,1.19976626258
2020-03-24,,,,,,,,,131,74,190,1246,631,1860,1436,711,2100,1.17874703522
2020-03-25,,,,,,,,,137,79,195,1360,701,2025,1574,791,2295,1.15782052714
2020-03-26,1,1,,,,,,,143,85,202,1450,762,2148,1717,876,2496,1.13745447649
2020-03-27,0,1,,,,,,,149,90,209,1546,829,2279,1866,967,2704,1.11815493066
2020-03-28,1,2,,,,,,,155,95,215,1646,900,2413,2021,1062,2918,1.10043445112
2020-03-29,0,2,,,,,,,160,100,221,1747,974,2547,2181,1163,3138,1.08474527191
2020-03-30,0,2,,,,,,,164,105,226,1846,1049,2672,2345,1268,3364,1.07139535517
2020-03-31,1,3,,,,,,,169,108,231,1939,1121,2782,2514,1377,3595,1.06047786054
2020-04-01,0,3,,,,,,,174,112,236,2028,1192,2885,2688,1489,3830,1.05185787522
2020-04-02,2,5,,,,,,,178,115,241,2116,1263,2985,2866,1605,4071,1.0452341242
2020-04-03,0,5,,,,,,,183,119,246,2202,1334,3083,3049,1724,4316,1.04023690107
2020-04-04,0,5,,,,,,,187,123,249,2286,1404,3178,3236,1848,4565,1.03650804221
2020-04-05,0,5,,,,,,,191,126,252,2366,1472,3265,3427,1974,4817,1.03374165085
2020-04-06,0,5,,,,,,,195,130,256,2442,1538,3345,3622,2105,5072,1.03169411638
2020-04-07,0,5,,,,,,,199,134,259,2516,1602,3421,3821,2240,5331,1.03017873384
2020-04-08,2,7,,,,,,,203,138,263,2588,1666,3494,4024,2378,5593,1.02905535952
2020-04-09,2,9,,,,,,,207,142,267,2657,1729,3566,4231,2520,5860,1.02821998518
2020-04-10,0,9,,,,,,,211,146,271,2725,1790,3635,4442,2666,6131,1.02759589973
2020-04-11,5,14,,,,,,,215,150,275,2791,1850,3702,4657,2817,6405,1.02712671698
2020-04-12,2,16,,,,,,,219,154,279,2855,1908,3765,4876,2971,6683,1.0267710628
2020-04-13,0,16,,,,,,,223,158,282,2917,1966,3827,5098,3130,6965,1.02649860132
2020-04-14,1,17,,,,,,,226,162,286,2979,2023,3887,5325,3292,7250,1.02628709321
2020-04-15,1,18,,,,,,,230,166,289,3040,2082,3945,5555,3459,7539,1.02612023037
2020-04-16,0,18,,,,,,,234,171,293,3100,2141,4001,5788,3631,7831,1.02598604734
2020-04-17,1,19,,,,,,,237,175,296,3159,2201,4056,6026,3806,8126,1.02587575835
2020-04-18,0,19,,,,,,,241,180,299,3218,2261,4110,6267,3986,8425,1.02578290699
2020-04-19,0,19,,,,,,,245,184,302,3276,2323,4163,6512,4171,8727,1.02570274489
2020-04-20,0,19,,,,,,,248,189,306,3333,2385,4216,6760,4360,9032,1.02563177745
2020-04-21,1,20,,,,,,,252,193,309,3390,2449,4269,7012,4554,9340,1.02560590726
2020-04-22,0,20,,,,,,,255,198,312,3446,2513,4321,7267,4753,9651,1.02559709433
2020-04-23,1,21,,,,,,,259,203,315,3502,2578,4372,7526,4956,9965,1.0256113821
2020-04-24,0,21,,,,,,,262,207,317,3557,2643,4423,7788,5164,10282,1.02565634244
2020-04-25,0,21,,,,,,,266,210,320,3612,2708,4472,8054,5375,10602,1.02573287106
2020-04-26,0,21,,,,,,,269,213,325,3666,2771,4522,8323,5589,10926,1.02586086339
2020-04-27,0,21,,,,,,,273,217,329,3720,2834,4572,8596,5806,11254,1.02594130227
2020-04-28,1,22,,,,,,,276,221,332,3773,2897,4622,8872,6027,11586,1.02604920758
2020-04-29,1,23,,,,,,,279,225,337,3827,2960,4673,9151,6253,11922,1.02619069122
2020-04-30,0,23,,,,,,,283,231,343,3879,3024,4727,9434,6484,12265,1.02637315797
2020-05-01,1,24,,,,,,,286,236,347,3932,3089,4781,9720,6720,12611,1.02660556914
2020-05-02,0,24,,,,,,,290,241,352,3984,3155,4837,10010,6962,12963,1.02689874813
2020-05-03,3,27,,,,,,,293,247,358,4036,3222,4895,10302,7209,13320,1.02726573537
2020-05-04,2,29,,,,,,,296,251,363,4087,3289,4956,10599,7460,13683,1.02772219532
2020-05-05,3,32,,,,,,,300,255,369,4139,3355,5020,10898,7716,14051,1.02828687362
2020-05-06,1,33,,,,,,,303,258,375,4190,3420,5086,11202,7975,14426,1.02898210073
2020-05-07,3,36,,,,,,,307,262,381,4241,3484,5155,11508,8237,14806,1.02983432781
2020-05-08,1,37,,,,,,,310,266,386,4293,3547,5227,11818,8504,15192,1.03087466893
2020-05-09,0,37,,,,,,,314,268,392,4344,3608,5302,12132,8772,15584,1.03213940744
2020-05-10,0,37,,,,,,,318,272,398,4396,3670,5380,12450,9045,15981,1.0336704001
2020-05-11,1,38,,,,,,,322,274,404,4449,3731,5459,12772,9320,16385,1.03551528368
2020-05-12,3,41,,,,,,,326,276,410,4502,3790,5541,13098,9596,16795,1.03772735215
2020-05-13,3,44,,,,,,,330,278,416,4556,3848,5626,13428,9875,17211,1.04036493359
2020-05-14,2,46,,,,,,,335,281,423,4611,3903,5711,13762,10156,17633,1.04349006074
2020-05-15,1,47,,,,,,,340,283,429,4668,3956,5798,14102,10440,18062,1.04716621007
2020-05-16,4,51,,,,,,,345,287,436,4727,4006,5887,14447,10727,18497,1.05145490093
2020-05-17,2,53,,,,,,,351,292,443,4788,4057,5977,14798,11019,18940,1.05641102319
2020-05-18,2,55,,,,,,,357,298,450,4852,4109,6070,15155,11318,19389,1.06207692439
2020-05-19,5,60,,,,,,,364,305,457,4920,4163,6164,15519,11624,19846,1.06847555132
2020-05-20,4,64,,,,,,,371,313,465,4992,4221,6260,15890,11937,20311,1.07560329224
2020-05-21,0,64,,,,,,,380,321,475,5068,4284,6360,16270,12259,20785,1.0834235451
2020-05-22,6,70,,,,,,,389,330,483,5150,4352,6462,16658,12590,21268,1.09186232782
2020-05-23,2,72,,,,,,,398,338,492,5238,4424,6568,17057,12928,21760,1.10080729483
2020-05-24,0,72,,,,,,,409,346,502,5333,4502,6678,17466,13275,22261,1.11011119527
2020-05-25,0,72,,,,,,,421,355,512,5437,4585,6791,17887,13631,22772,1.11960006878
2020-05-26,0,72,,,,,,,433,365,525,5548,4675,6912,18320,13996,23296,1.1290854621
2020-05-27,0,72,,,,,,,447,374,537,5670,4773,7039,18767,14370,23833,1.13837895997
2020-05-28,4,76,,,,,,,462,384,552,5801,4878,7174,19229,14754,24385,1.14730671069
2020-05-29,3,79,,,,,,,477,393,571,5943,4991,7322,19706,15147,24955,1.15572162771
2020-05-30,2,81,,,,,,,494,399,588,6098,5107,7481,20200,15547,25542,1.16351156408
2020-05-31,0,81,,,,,,,511,406,608,6264,5226,7653,20711,15954,26150,1.17060274664
2020-06-01,0,81,,,,,,,530,415,633,6443,5350,7843,21241,16370,26782,1.17695876994
2020-06-02,0,81,,,,,,,550,427,661,6636,5479,8054,21791,16798,27442,1.18257618811
2020-06-03,3,84,,,,,,,571,435,691,6843,5609,8287,22361,17233,28132,1.18747806481
2020-06-04,1,85,,,,,,,593,443,722,7064,5739,8543,22954,17677,28854,1.19170676971
2020-06-05,3,88,,,,,,,616,451,754,7300,5869,8823,23570,18129,29608,1.19531721033
2020-06-06,2,90,,,,,,,640,460,789,7551,5999,9129,24210,18589,30396,1.19837086906
2020-06-07,0,90,,,,,,,665,469,825,7818,6129,9461,24875,19058,31221,1.20093113411
2020-06-08,1,91,,,,,,,692,477,863,8101,6261,9823,25567,19536,32083,1.20305990042
2020-06-09,2,93,,,,,,,720,487,903,8400,6392,10214,26286,20023,32986,1.20481531494
2020-06-10,1,94,,,,,,,748,496,943,8714,6523,10632,27034,20519,33928,1.20455317684
2020-06-11,2,96,,,,,,,777,505,984,9044,6655,11079,27811,21025,34912,1.20402327585
2020-06-12,3,99,,,,,,,807,515,1027,9389,6787,11554,28618,21541,35939,1.20326814294
2020-06-13,0,99,,,,,,,838,525,1070,9750,6919,12054,29456,22066,37008,1.20232433878
2020-06-14,0,99,,,,,,,871,535,1115,10128,7054,12581,30327,22602,38122,1.20122312477
2020-06-15,0,99,,,,,,,904,545,1162,10521,7193,13135,31232,23148,39284,1.19999099891
2020-06-16,4,103,,,,,,,939,556,1211,10930,7334,13713,32171,23704,40495,1.19865027625
2020-06-17,1,104,,,,,,,975,566,1262,11355,7473,14314,33145,24271,41756,1.19721964488
2020-06-18,1,105,,,,,,,1011,577,1317,11795,7615,14941,34157,24849,43073,1.19571463389
2020-06-19,4,109,,,,,,,1049,588,1376,12252,7760,15595,35206,25438,44448,1.19414808822
2020-06-20,5,114,,,,,,,1089,600,1436,12725,7909,16276,36294,26038,45883,1.19253060141
2020-06-21,0,114,,,,,,,1129,611,1499,13214,8060,16987,37423,26649,47382,1.19087087941
2020-06-22,1,115,,,,,,,1170,623,1561,13719,8214,17722,38594,27273,48943,1.18917605941
2020-06-23,4,119,,,,,,,1213,635,1624,14240,8371,18484,39807,27908,50566,1.18745196261
2020-06-24,2,121,,,,,,,1258,647,1688,14778,8531,19269,41065,28555,52254,1.18570331345
2020-06-25,6,127,,,,,,,1300,656,1761,15330,8691,20087,42364,29211,54015,1.18097756773
2020-06-26,5,132,,,,,,,1343,665,1835,15897,8851,20938,43708,29877,55850,1.17624737375
2020-06-27,0,132,,,,,,,1388,675,1912,16478,9011,21823,45095,30553,57761,1.17151601743
2020-06-28,0,132,,,,,,,1433,684,1992,17072,9170,22744,46528,31237,59752,1.16678560209
2020-06-29,3,135,,,,,,,1478,693,2073,17679,9328,23703,48006,31930,61825,1.16205783569
2020-06-30,3,138,,,,,,,1524,701,2156,18298,9484,24697,49530,32632,63980,1.15733411105
2020-07-01,2,140,,,,,,,1569,709,2240,18929,9637,25726,51099,33342,66220,1.15261561659
2020-07-02,5,145,,,,,,,1615,717,2326,19569,9788,26790,52715,34059,68546,1.14791139896
2020-07-03,,,3,1,4,148,146,149,1661,724,2414,20219,9935,27887,54376,34784,70960,
2020-07-04,,,3,1,4,151,148,153,1708,731,2503,20878,10077,29015,56084,35516,73463,
2020-07-05,,,3,1,4,154,150,156,1754,737,2595,21543,10215,30175,57837,36253,76057,
2020-07-06,,,3,1,4,157,152,160,1800,743,2690,22214,10347,31365,59637,36997,78747,
2020-07-07,,,3,1,4,159,154,164,1846,748,2785,22890,10472,32589,61484,37745,81531,
2020-07-08,,,3,1,4,163,155,168,1892,753,2880,23568,10590,33845,63375,38499,84411,
2020-07-09,,,3,1,4,166,157,172,1938,757,2978,24248,10700,35135,65313,39256,87388,
2020-07-10,,,3,1,5,169,159,176,1983,760,3083,24932,10805,36456,67296,40016,90471,
2020-07-11,,,3,1,5,172,161,180,2028,763,3190,25616,10902,37811,69324,40780,93660,
2020-07-12,,,3,1,5,175,162,184,2072,765,3295,26301,10992,39194,71397,41545,96954,
2020-07-13,,,3,1,5,178,164,189,2116,767,3401,26985,11075,40604,73513,42312,100355,
2020-07-14,,,3,1,5,182,166,193,2160,768,3510,27666,11150,42040,75673,43081,103865,
2020-07-15,,,3,1,5,185,168,198,2202,768,3623,28345,11216,43507,77875,43849,107487,
2020-07-16,,,3,1,5,188,169,202,2245,767,3741,29020,11274,45007,80120,44616,111227,
2020-07-17,,,3,1,5,192,171,207,2286,764,3861,29691,11321,46542,82406,45381,115087,
2020-07-18,,,3,1,5,195,173,211,2326,761,3982,30356,11358,48110,84732,46142,119069,
2020-07-19,,,3,1,5,199,174,216,2366,758,4105,31014,11385,49712,87097,46901,123174,
2020-07-20,,,4,1,5,202,176,221,2404,756,4230,31664,11404,51346,89502,47658,127403,
2020-07-21,,,4,1,6,206,178,226,2442,754,4357,32306,11416,53013,91944,48413,131759,
2020-07-22,,,4,1,6,210,179,232,2478,752,4484,32938,11419,54713,94422,49165,136243,
2020-07-23,,,4,1,6,213,181,237,2514,749,4613,33560,11416,56446,96936,49915,140856,
2020-07-24,,,4,1,6,217,183,243,2548,747,4743,34170,11406,58211,99483,50662,145599,
2020-07-25,,,4,1,7,222,185,249,2581,744,4874,34768,11390,60002,102064,51407,150473,
2020-07-26,,,4,1,7,226,186,255,2612,742,5004,35352,11369,61816,104676,52149,155476,
2020-07-27,,,4,1,7,230,188,262,2643,740,5131,35922,11344,63653,107319,52889,160607,
2020-07-28,,,4,1,7,234,190,268,2672,737,5259,36477,11314,65511,109990,53627,165865,
2020-07-29,,,5,1,7,239,192,275,2699,734,5386,37017,11281,67387,112690,54362,171251,
2020-07-30,,,5,1,8,244,194,282,2725,732,5513,37540,11245,69277,115415,55094,176764,
2020-07-31,,,5,1,8,249,196,290,2750,729,5639,38045,11207,71176,118165,55824,182402,
2020-08-01,,,5,1,8,253,198,298,2773,727,5764,38533,11170,73079,120938,56552,188166,
2020-08-02,,,5,1,8,258,199,305,2795,724,5887,39002,11134,74984,123733,57277,194053,
2020-08-03,,,5,1,9,263,201,314,2816,722,6009,39452,11098,76888,126549,57999,200062,
2020-08-04,,,5,1,9,269,203,322,2835,719,6130,39882,11060,78788,129384,58719,206191,
2020-08-05,,,5,1,9,274,205,331,2852,717,6258,40292,11023,80690,132235,59436,212449,
2020-08-06,,,5,1,9,279,207,340,2868,714,6396,40681,10985,82601,135103,60151,218844,
2020-08-07,,,6,1,10,285,209,349,2882,712,6532,41050,10948,84520,137985,60863,225375,
2020-08-08,,,6,1,10,291,211,359,2895,709,6668,41397,10910,86444,140880,61573,232043,
2020-08-09,,,6,1,10,296,213,369,2906,707,6804,41722,10873,88374,143786,62280,238846,
2020-08-10,,,6,1,11,302,214,379,2916,704,6926,42026,10835,90296,146702,62985,245771,
2020-08-11,,,6,1,11,308,216,389,2924,701,7028,42307,10797,92192,149626,63687,252798,
2020-08-12,,,6,1,11,314,218,400,2931,699,7126,42567,10758,94059,152557,64386,259924,
2020-08-13,,,6,1,12,320,220,411,2937,696,7220,42804,10720,95892,155494,65083,267143,
2020-08-14,,,6,1,12,326,222,422,2941,694,7310,43019,10682,97689,158434,65777,274453,
2020-08-15,,,6,1,12,333,224,434,2943,691,7395,43212,10643,99445,161377,66468,281847,
2020-08-16,,,6,1,13,339,226,446,2944,688,7476,43383,10605,101157,164321,67157,289323,
2020-08-17,,,6,1,13,345,227,459,2944,686,7551,43532,10566,102821,167265,67843,296873,
2020-08-18,,,6,1,13,352,229,471,2942,683,7622,43659,10527,104434,170208,68527,304495,
2020-08-19,,,7,1,13,358,231,484,2940,681,7687,43764,10489,105991,173147,69208,312181,
2020-08-20,,,7,1,14,365,233,498,2935,678,7746,43847,10450,107479,176082,69886,319927,
2020-08-21,,,7,1,14,372,235,511,2930,675,7800,43909,10411,108883,179012,70562,327726,
2020-08-22,,,7,1,14,379,236,525,2923,673,7848,43950,10372,110199,181936,71235,335573,
2020-08-23,,,7,1,15,385,238,539,2916,670,7890,43971,10332,111420,184851,71906,343463,
2020-08-24,,,7,1,15,392,240,554,2907,667,7925,43972,10293,112542,187758,72574,351387,
2020-08-25,,,7,1,15,399,242,569,2897,665,7955,43954,10254,113571,190656,73239,359342,
2020-08-26,,,7,1,16,406,244,584,2887,662,7978,43916,10214,114521,193542,73901,367319,
2020-08-27,,,7,1,16,413,245,599,2875,659,7994,43860,10175,115389,196417,74561,375313,
2020-08-28,,,7,1,16,420,247,615,2862,657,8004,43786,10135,116174,199280,75218,383316,
2020-08-29,,,7,1,17,427,249,631,2849,654,8008,43695,10096,116871,202129,75873,391324,
2020-08-30,,,7,1,17,434,251,647,2834,651,8005,43586,10056,117481,204963,76525,399328,
2020-08-31,,,7,1,17,442,252,664,2819,649,7995,43461,10016,118000,207782,77174,407322,
2020-09-01,,,7,1,18,449,254,681,2803,646,7979,43320,9977,118428,210585,77821,415301,
2020-09-02,,,7,1,18,456,256,698,2786,643,7957,43163,9937,118763,213371,78464,423257,
2020-09-03,,,7,1,18,463,258,716,2768,641,7928,42992,9897,119004,216139,79106,431184,
2020-09-04,,,7,1,18,470,259,734,2749,638,7892,42806,9857,119150,218888,79744,439076,
2020-09-05,,,7,1,18,478,261,752,2730,635,7850,42605,9817,119200,221618,80380,446926,
2020-09-06,,,7,1,19,485,263,770,2709,633,7802,42391,9777,119154,224327,81013,454727,
2020-09-07,,,7,1,19,492,264,788,2688,630,7751,42164,9737,119015,227015,81644,462477,
2020-09-08,,,7,1,19,499,266,807,2667,627,7709,41924,9697,118799,229682,82272,470186,
2020-09-09,,,7,1,19,506,268,825,2644,625,7662,41671,9657,118506,232326,82897,477847,
2020-09-10,,,7,1,19,514,270,844,2621,622,7610,41405,9617,118138,234948,83519,485457,
2020-09-11,,,7,1,20,521,271,863,2598,619,7552,41128,9577,117696,237545,84139,493008,
2020-09-12,,,7,1,20,528,273,882,2573,617,7489,40839,9537,117181,240119,84756,500497,
2020-09-13,,,7,1,20,535,275,902,2549,614,7420,40539,9497,116593,242668,85370,507917,
2020-09-14,,,7,1,20,543,276,921,2523,611,7346,40228,9457,115935,245191,85982,515262,
2020-09-15,,,7,1,20,550,278,940,2498,609,7267,39906,9417,115207,247689,86591,522529,
2020-09-16,,,7,1,20,557,279,960,2471,606,7184,39575,9376,114412,250160,87198,529712,
2020-09-17,,,7,1,20,564,281,979,2445,603,7095,39233,9336,113550,252605,87801,536807,
2020-09-18,,,7,1,20,571,283,999,2418,601,7002,38883,9296,112625,255022,88402,543809,
2020-09-19,,,7,1,20,578,284,1019,2390,598,6905,38524,9256,111638,257412,89001,550713,
2020-09-20,,,7,1,20,585,286,1038,2362,595,6819,38157,9216,110607,259775,89596,557532,
2020-09-21,,,7,1,20,592,288,1058,2334,593,6732,37782,9176,109537,262109,90189,564264,
2020-09-22,,,7,1,20,599,289,1078,2306,590,6644,37399,9136,108430,264415,90780,570907,
2020-09-23,,,7,1,20,606,291,1097,2280,588,6554,37012,9096,107275,266695,91368,577460,
2020-09-24,,,7,1,20,613,292,1117,2253,585,6468,36621,9057,106081,268948,91954,583928,
2020-09-25,,,7,1,20,620,294,1136,2226,585,6379,36227,9019,104850,271174,92539,590306,
2020-09-26,,,7,1,20,626,296,1155,2200,582,6278,35829,8983,103575,273374,93122,596583,
2020-09-27,,,7,1,20,633,297,1175,2174,581,6185,35430,8947,102272,275548,93703,602768,
2020-09-28,,,7,1,20,640,299,1194,2148,579,6070,35029,8911,100921,277697,94282,608837,
2020-09-29,,,7,1,20,646,300,1213,2123,578,5972,34629,8878,99547,279820,94861,614809,
2020-09-30,,,7,1,19,653,302,1232,2098,575,5894,34229,8844,98173,281918,95436,620702,
2020-10-01,,,7,1,19,659,303,1250,2072,576,5767,33831,8814,96757,283990,96012,626469,
