date,actual_deaths,total_deaths,predicted_deaths_mean,predicted_deaths_lower,predicted_deaths_upper,predicted_total_deaths_mean,predicted_total_deaths_lower,predicted_total_deaths_upper,predicted_new_infected_mean,predicted_new_infected_lower,predicted_new_infected_upper,predicted_current_infected_mean,predicted_current_infected_lower,predicted_current_infected_upper,predicted_total_infected_mean,predicted_total_infected_lower,predicted_total_infected_upper,r_values_mean
2020-03-10,,,,,,,,,35,25,50,35,25,50,35,25,50,1.31812865497
2020-03-11,,,,,,,,,35,25,50,69,50,100,69,50,100,1.3157707293
2020-03-12,,,,,,,,,35,25,50,104,75,150,104,75,150,1.3149220118
2020-03-13,,,,,,,,,35,25,50,139,100,200,139,100,200,1.3137627524
2020-03-14,,,,,,,,,35,25,50,174,125,250,174,125,250,1.31217691179
2020-03-15,,,,,,,,,35,25,50,208,150,300,208,150,300,1.3100041966
2020-03-16,,,,,,,,,35,25,50,243,175,350,243,175,350,1.30702315124
2020-03-17,,,,,,,,,35,25,50,278,200,400,278,200,400,1.30292831469
2020-03-18,,,,,,,,,35,25,50,312,225,450,312,225,450,1.29730043466
2020-03-19,,,,,,,,,78,49,122,390,274,572,390,274,572,1.28947349631
2020-03-20,,,,,,,,,77,49,119,467,324,690,467,324,690,1.27887611156
2020-03-21,,,,,,,,,79,50,122,546,374,812,546,374,812,1.26445175821
2020-03-22,,,,,,,,,83,52,129,629,427,940,629,427,940,1.24510524799
2020-03-23,,,,,,,,,92,57,143,721,484,1083,721,484,1083,1.21973623985
2020-03-24,,,,,,,,,105,64,162,826,548,1245,826,548,1245,1.18757534248
2020-03-25,,,,,,,,,113,68,167,905,592,1361,940,617,1411,1.14855369895
2020-03-26,,,,,,,,,117,71,172,987,639,1482,1057,689,1582,1.10348842149
2020-03-27,,,,,,,,,120,74,168,1073,688,1600,1177,763,1750,1.05392170931
2020-03-28,,,,,,,,,123,76,166,1161,740,1716,1300,840,1916,1.00170824348
2020-03-29,,,,,,,,,125,79,176,1251,795,1841,1425,920,2091,0.948605012024
2020-03-30,,,,,,,,,126,81,182,1343,851,1972,1551,1001,2272,0.896042561361
2020-03-31,,,,,,,,,126,81,182,1434,907,2104,1677,1082,2454,0.845115569184
2020-04-01,,,,,,,,,123,81,184,1523,964,2237,1800,1164,2637,0.796711342834
2020-04-02,,,,,,,,,120,81,183,1608,1020,2369,1921,1245,2819,0.751653077441
2020-04-03,1,1,,,,,,,117,79,179,1647,1050,2426,2038,1325,2998,0.7107687685
2020-04-04,0,1,,,,,,,113,78,172,1683,1078,2479,2150,1403,3169,0.674838848388
2020-04-05,0,1,,,,,,,108,76,164,1713,1104,2522,2259,1479,3333,0.644428264412
2020-04-06,0,1,,,,,,,104,74,158,1734,1126,2551,2363,1554,3491,0.619688764927
2020-04-07,1,2,,,,,,,99,72,150,1741,1142,2558,2462,1627,3641,0.600278377868
2020-04-08,0,2,,,,,,,95,70,142,1731,1148,2538,2557,1697,3782,0.585475997234
2020-04-09,1,3,,,,,,,91,68,135,1709,1148,2506,2649,1765,3917,0.574403973645
2020-04-10,0,3,,,,,,,88,64,127,1680,1140,2461,2736,1829,4043,0.566217654575
2020-04-11,0,3,,,,,,,84,61,118,1644,1127,2411,2821,1891,4160,0.560202011271
2020-04-12,2,5,,,,,,,81,58,112,1602,1109,2356,2902,1950,4271,0.555793663215
2020-04-13,0,5,,,,,,,78,56,107,1555,1086,2288,2980,2006,4378,0.55256573964
2020-04-14,0,5,,,,,,,75,52,104,1504,1057,2210,3055,2059,4482,0.550201388898
2020-04-15,0,5,,,,,,,73,50,101,1451,1027,2129,3128,2109,4583,0.548467864978
2020-04-16,0,5,,,,,,,71,47,96,1399,993,2042,3199,2157,4678,0.547195061709
2020-04-17,0,5,,,,,,,68,45,92,1347,958,1951,3268,2203,4769,0.546258922799
2020-04-18,0,5,,,,,,,66,44,89,1296,922,1861,3334,2247,4858,0.545569028302
2020-04-19,0,5,,,,,,,65,42,87,1248,886,1775,3399,2290,4944,0.545059453655
2020-04-20,0,5,,,,,,,63,40,84,1203,850,1695,3461,2330,5028,0.544682093195
2020-04-21,4,9,,,,,,,61,38,82,1160,815,1619,3523,2369,5109,0.544401803819
2020-04-22,2,11,,,,,,,60,37,79,1120,779,1548,3582,2406,5188,0.544192878982
2020-04-23,0,11,,,,,,,58,36,77,1083,745,1483,3640,2442,5265,0.544036489503
2020-04-24,1,12,,,,,,,57,35,75,1048,712,1424,3697,2478,5340,0.543918825162
2020-04-25,0,12,,,,,,,55,33,74,1016,682,1370,3752,2512,5413,0.543829743777
2020-04-26,0,12,,,,,,,54,32,72,986,653,1324,3806,2544,5484,0.543761787906
2020-04-27,1,13,,,,,,,53,30,70,957,625,1283,3859,2575,5553,0.543709468028
2020-04-28,0,13,,,,,,,52,29,68,931,598,1244,3911,2604,5621,0.543668739133
2020-04-29,2,15,,,,,,,50,28,67,906,573,1206,3961,2632,5688,0.543636617882
2020-04-30,0,15,,,,,,,49,27,65,882,550,1170,4010,2659,5752,0.543610902129
2020-05-01,1,16,,,,,,,48,26,64,860,528,1137,4059,2685,5815,0.543589965133
2020-05-02,0,16,,,,,,,47,25,62,838,507,1108,4106,2711,5877,0.543597008178
2020-05-03,0,16,,,,,,,46,24,61,818,487,1079,4152,2735,5937,0.543621669744
2020-05-04,0,16,,,,,,,45,23,59,798,469,1052,4197,2759,5995,0.543668195038
2020-05-05,1,17,,,,,,,44,22,58,779,451,1025,4241,2782,6053,0.543744551684
2020-05-06,0,17,,,,,,,43,22,56,761,435,1000,4284,2804,6109,0.543859249352
2020-05-07,1,18,,,,,,,42,21,55,744,419,976,4326,2826,6163,0.544015840062
2020-05-08,0,18,,,,,,,41,21,54,727,404,952,4367,2847,6217,0.544121136514
2020-05-09,0,18,,,,,,,40,20,53,710,389,930,4407,2867,6269,0.544251288652
2020-05-10,0,18,,,,,,,39,19,51,694,375,907,4446,2887,6319,0.544411719306
2020-05-11,0,18,,,,,,,38,19,50,678,362,886,4485,2907,6369,0.544609030095
2020-05-12,0,18,,,,,,,37,18,49,663,350,864,4522,2925,6417,0.544851252297
2020-05-13,1,19,,,,,,,37,18,48,648,339,844,4559,2944,6465,0.545148147489
2020-05-14,0,19,,,,,,,36,17,47,633,329,824,4594,2962,6511,0.545511567116
2020-05-15,0,19,,,,,,,35,17,45,619,319,804,4629,2979,6556,0.545955880412
2020-05-16,0,19,,,,,,,34,16,44,604,310,785,4663,2996,6599,0.546498480388
2020-05-17,0,19,,,,,,,33,16,43,590,301,766,4696,3012,6642,0.547160377575
2020-05-18,0,19,,,,,,,32,15,42,576,292,747,4728,3028,6684,0.547966889626
2020-05-19,2,21,,,,,,,31,15,41,563,284,729,4759,3044,6724,0.54894843171
2020-05-20,0,21,,,,,,,31,15,40,549,276,711,4790,3059,6764,0.550141406793
2020-05-21,1,22,,,,,,,30,14,39,536,269,694,4820,3073,6802,0.551589184981
2020-05-22,0,22,,,,,,,29,14,38,523,261,677,4849,3088,6840,0.553343145562
2020-05-23,0,22,,,,,,,28,13,37,510,254,660,4877,3101,6876,0.555463732235
2020-05-24,0,22,,,,,,,27,13,36,497,247,644,4904,3115,6912,0.55802143885
2020-05-25,0,22,,,,,,,27,13,35,484,240,628,4931,3128,6947,0.561097597949
2020-05-26,0,22,,,,,,,26,12,35,472,234,612,4956,3141,6981,0.564784786193
2020-05-27,1,23,,,,,,,25,12,34,459,227,597,4981,3153,7014,0.569186590788
2020-05-28,1,24,,,,,,,24,12,33,447,221,583,5006,3165,7047,0.574416405049
2020-05-29,0,24,,,,,,,24,11,33,435,215,569,5030,3177,7079,0.580594852664
2020-05-30,0,24,,,,,,,23,11,32,424,209,555,5053,3188,7110,0.587845403328
2020-05-31,0,24,,,,,,,23,11,31,412,203,542,5075,3199,7141,0.596287774252
2020-06-01,0,24,,,,,,,22,10,31,401,197,530,5097,3210,7172,0.606028861066
2020-06-02,0,24,,,,,,,21,10,31,391,192,519,5119,3221,7202,0.617151257434
2020-06-03,0,24,,,,,,,21,10,30,380,187,508,5140,3231,7232,0.629699934617
2020-06-04,1,25,,,,,,,20,10,30,370,182,499,5160,3241,7262,0.643668334884
2020-06-05,0,25,,,,,,,20,10,30,361,178,490,5180,3252,7291,0.658985869439
2020-06-06,0,25,,,,,,,20,10,30,351,173,482,5200,3262,7321,0.675509376617
2020-06-07,0,25,,,,,,,19,9,30,343,170,475,5219,3271,7351,0.693021191047
2020-06-08,1,26,,,,,,,19,9,30,334,166,469,5238,3281,7381,0.711235836917
2020-06-09,0,26,,,,,,,19,9,31,327,163,465,5257,3291,7411,0.729815923989
2020-06-10,0,26,,,,,,,19,9,31,320,160,461,5276,3301,7442,0.748395857496
2020-06-11,0,26,,,,,,,19,10,32,314,158,460,5295,3311,7473,0.76661004313
2020-06-12,1,27,,,,,,,19,10,33,308,156,459,5314,3322,7506,0.784121041523
2020-06-13,1,28,,,,,,,19,10,34,304,155,460,5333,3332,7539,0.800643408904
2020-06-14,0,28,,,,,,,20,10,35,300,155,463,5353,3343,7573,0.815959519177
2020-06-15,0,28,,,,,,,20,10,36,298,154,467,5373,3354,7608,0.829926252364
2020-06-16,0,28,,,,,,,20,10,37,296,154,473,5393,3365,7644,0.842473056048
2020-06-17,2,30,,,,,,,21,10,38,295,154,480,5414,3375,7682,0.853593400562
2020-06-18,0,30,,,,,,,21,10,39,295,154,489,5435,3386,7721,0.863332286858
2020-06-19,0,30,,,,,,,22,10,41,296,154,500,5457,3396,7761,0.871772337813
2020-06-20,0,30,,,,,,,22,10,43,298,155,513,5479,3407,7804,0.8790204733
2020-06-21,0,30,,,,,,,23,10,45,301,155,528,5501,3417,7848,0.885196429147
2020-06-22,0,30,,,,,,,23,9,47,305,155,545,5524,3427,7895,0.890423686023
2020-06-23,0,30,,,,,,,24,9,49,310,155,563,5548,3437,7944,0.89482287413
2020-06-24,0,30,,,,,,,24,9,52,316,155,584,5573,3446,7995,0.898507390591
2020-06-25,0,30,,,,,,,25,9,54,322,155,607,5598,3456,8048,0.901580824103
2020-06-26,0,30,,,,,,,26,9,56,329,154,631,5624,3466,8104,0.904135750539
2020-06-27,0,30,,,,,,,26,9,59,336,153,657,5650,3475,8162,0.906253499281
2020-06-28,0,30,,,,,,,27,9,61,344,152,685,5677,3485,8223,0.908004559331
2020-06-29,0,30,,,,,,,28,9,64,352,151,714,5705,3494,8287,0.909449368659
2020-06-30,0,30,,,,,,,29,9,67,361,149,746,5734,3504,8353,0.910639300343
2020-07-01,0,30,,,,,,,30,9,70,370,148,779,5764,3513,8422,0.911617717931
2020-07-02,0,30,,,,,,,30,9,73,380,146,813,5794,3522,8494,0.912421017469
2020-07-03,,,0,0,1,30,30,31,31,9,76,390,145,850,5825,3531,8570,
2020-07-04,,,0,0,1,30,30,31,32,9,79,401,144,887,5857,3541,8648,
2020-07-05,,,0,0,1,30,30,31,33,9,82,411,143,926,5890,3550,8730,
2020-07-06,,,0,0,1,30,30,31,34,9,86,422,142,967,5924,3559,8815,
2020-07-07,,,0,0,1,30,30,31,35,9,89,434,141,1009,5958,3568,8903,
2020-07-08,,,0,0,1,31,30,31,36,9,93,446,140,1052,5994,3577,8995,
2020-07-09,,,0,0,1,31,30,32,37,9,96,458,139,1097,6031,3586,9091,
2020-07-10,,,0,0,1,31,30,32,38,8,100,470,138,1142,6068,3595,9190,
2020-07-11,,,0,0,1,31,30,32,38,8,103,483,138,1189,6107,3604,9293,
2020-07-12,,,0,0,1,31,30,32,39,8,107,496,137,1238,6146,3613,9399,
2020-07-13,,,0,0,1,31,30,32,40,8,111,509,136,1287,6186,3621,9510,
2020-07-14,,,0,0,1,31,30,33,41,8,114,522,135,1337,6228,3630,9624,
2020-07-15,,,0,0,1,31,30,33,42,8,118,536,135,1389,6270,3639,9741,
2020-07-16,,,0,0,1,31,30,33,43,8,122,549,134,1441,6313,3647,9863,
2020-07-17,,,0,0,1,31,30,33,44,8,126,563,133,1494,6357,3656,9988,
2020-07-18,,,0,0,1,32,30,34,45,8,129,577,133,1547,6402,3664,10117,
2020-07-19,,,0,0,1,32,30,34,46,8,133,591,132,1602,6448,3673,10249,
2020-07-20,,,0,0,1,32,30,34,47,8,137,605,131,1656,6495,3681,10386,
2020-07-21,,,0,0,1,32,30,34,48,8,141,619,130,1711,6543,3690,10526,
2020-07-22,,,0,0,1,32,30,35,49,8,144,633,129,1767,6591,3698,10669,
2020-07-23,,,0,0,1,32,30,35,50,8,148,647,129,1822,6641,3706,10817,
2020-07-24,,,0,0,1,32,30,35,51,8,152,661,128,1878,6691,3714,10968,
2020-07-25,,,0,0,1,32,31,36,51,8,155,675,127,1933,6743,3722,11123,
2020-07-26,,,0,0,1,33,31,36,52,7,159,689,126,1989,6795,3730,11281,
2020-07-27,,,0,0,1,33,31,36,53,7,162,702,125,2044,6848,3738,11443,
2020-07-28,,,0,0,1,33,31,37,54,7,166,716,124,2099,6902,3746,11608,
2020-07-29,,,0,0,1,33,31,37,55,7,169,730,123,2154,6957,3754,11777,
2020-07-30,,,0,0,1,33,31,37,56,7,173,743,122,2209,7013,3761,11949,
2020-07-31,,,0,0,1,33,31,38,57,7,176,757,121,2263,7070,3769,12125,
2020-08-01,,,0,0,1,33,31,38,57,7,179,770,120,2317,7127,3777,12304,
2020-08-02,,,0,0,1,34,31,38,58,7,182,784,119,2370,7186,3784,12486,
2020-08-03,,,0,0,1,34,31,39,59,7,185,797,118,2422,7245,3791,12671,
2020-08-04,,,0,0,1,34,31,39,60,7,188,810,117,2473,7304,3799,12859,
2020-08-05,,,0,0,1,34,31,40,61,7,191,823,116,2524,7365,3806,13049,
2020-08-06,,,0,0,1,34,31,40,61,7,194,835,115,2574,7426,3814,13243,
2020-08-07,,,0,0,1,34,31,41,62,7,197,848,114,2623,7489,3821,13439,
2020-08-08,,,0,0,1,35,31,41,63,7,199,860,114,2671,7551,3828,13638,
2020-08-09,,,0,0,1,35,31,42,64,7,202,872,113,2717,7615,3835,13840,
2020-08-10,,,0,0,1,35,31,42,64,7,204,884,112,2763,7679,3843,14044,
2020-08-11,,,0,0,1,35,31,43,65,7,207,896,111,2807,7744,3850,14250,
2020-08-12,,,0,0,1,35,31,43,66,7,209,907,111,2850,7810,3857,14458,
2020-08-13,,,0,0,1,35,31,44,66,7,212,919,110,2893,7876,3864,14670,
2020-08-14,,,0,0,1,36,31,44,67,7,215,930,109,2935,7943,3871,14884,
2020-08-15,,,0,0,1,36,31,45,67,7,218,940,109,2977,8010,3878,15102,
2020-08-16,,,0,0,1,36,31,46,68,7,220,951,108,3018,8078,3885,15322,
2020-08-17,,,0,0,1,36,31,46,69,7,223,961,108,3059,8147,3892,15544,
2020-08-18,,,0,0,1,36,31,47,69,7,226,972,108,3100,8216,3899,15770,
2020-08-19,,,0,0,1,37,31,47,70,7,229,982,107,3140,8286,3907,15998,
2020-08-20,,,0,0,1,37,31,48,70,7,231,991,107,3180,8356,3914,16228,
2020-08-21,,,0,0,1,37,31,49,71,7,233,1001,106,3218,8427,3921,16461,
2020-08-22,,,0,0,1,37,31,49,71,7,235,1010,106,3256,8498,3928,16695,
2020-08-23,,,0,0,1,37,31,50,72,7,237,1019,106,3294,8570,3935,16932,
2020-08-24,,,0,0,1,38,32,50,72,6,239,1028,106,3332,8643,3942,17171,
2020-08-25,,,0,0,1,38,32,51,73,6,243,1036,105,3370,8715,3949,17413,
2020-08-26,,,0,0,1,38,32,52,73,6,245,1044,105,3409,8789,3956,17658,
2020-08-27,,,0,0,1,38,32,52,74,6,247,1053,105,3447,8862,3963,17905,
2020-08-28,,,0,0,1,39,32,53,74,6,249,1060,105,3484,8936,3969,18153,
2020-08-29,,,0,0,1,39,32,54,74,6,251,1068,105,3519,9011,3976,18403,
2020-08-30,,,0,0,1,39,32,55,75,6,252,1075,105,3554,9086,3983,18655,
2020-08-31,,,0,0,1,39,32,55,75,6,254,1083,104,3587,9161,3990,18908,
2020-09-01,,,0,0,1,39,32,56,76,6,256,1090,104,3620,9237,3997,19163,
2020-09-02,,,0,0,1,40,32,57,76,6,258,1096,104,3651,9313,4004,19421,
2020-09-03,,,0,0,1,40,32,57,76,6,260,1103,104,3683,9389,4011,19680,
2020-09-04,,,0,0,1,40,32,58,77,6,262,1109,104,3713,9465,4018,19941,
2020-09-05,,,0,0,1,40,32,59,77,6,263,1115,104,3744,9542,4025,20204,
2020-09-06,,,0,0,1,40,32,59,77,6,264,1121,104,3773,9620,4032,20468,
2020-09-07,,,0,0,1,41,32,60,78,6,265,1127,104,3801,9697,4039,20733,
2020-09-08,,,0,0,1,41,32,61,78,6,266,1133,104,3828,9775,4046,20999,
2020-09-09,,,0,0,1,41,32,62,78,6,269,1138,104,3854,9853,4053,21267,
2020-09-10,,,0,0,1,41,32,62,78,6,271,1143,104,3880,9932,4060,21537,
2020-09-11,,,0,0,1,42,32,63,79,6,275,1148,104,3908,10011,4067,21812,
2020-09-12,,,0,0,1,42,32,64,79,6,277,1153,104,3936,10090,4074,22089,
2020-09-13,,,0,0,1,42,32,65,79,6,280,1158,104,3965,10169,4080,22368,
2020-09-14,,,0,0,1,42,32,65,79,6,282,1163,103,3995,10248,4087,22649,
2020-09-15,,,0,0,1,43,32,66,80,6,284,1167,103,4025,10328,4094,22933,
2020-09-16,,,0,0,1,43,32,67,80,6,288,1171,103,4058,10408,4101,23221,
2020-09-17,,,0,0,1,43,32,68,80,6,292,1176,103,4092,10488,4108,23512,
2020-09-18,,,0,0,1,43,32,69,80,6,296,1180,103,4128,10568,4115,23808,
2020-09-19,,,0,0,1,43,32,69,81,6,300,1184,103,4166,10649,4122,24107,
2020-09-20,,,0,0,1,44,32,70,81,6,303,1187,103,4205,10730,4129,24409,
2020-09-21,,,0,0,1,44,32,71,81,6,304,1191,103,4245,10811,4136,24713,
2020-09-22,,,0,0,1,44,32,72,81,6,306,1195,103,4286,10892,4143,25018,
2020-09-23,,,0,0,1,44,32,72,81,6,307,1198,103,4327,10974,4150,25325,
2020-09-24,,,0,0,1,45,32,73,82,6,309,1202,103,4367,11055,4157,25633,
2020-09-25,,,0,0,1,45,32,74,82,6,311,1205,103,4407,11137,4163,25944,
2020-09-26,,,0,0,1,45,32,75,82,6,312,1209,103,4444,11219,4170,26255,
2020-09-27,,,0,0,1,45,32,76,82,6,315,1212,103,4482,11302,4177,26570,
2020-09-28,,,0,0,1,46,32,76,83,6,316,1216,103,4518,11385,4184,26886,
2020-09-29,,,0,0,1,46,32,77,83,6,316,1219,103,4552,11468,4191,27201,
2020-09-30,,,0,0,1,46,32,78,83,6,319,1223,103,4587,11551,4198,27520,
2020-10-01,,,0,0,1,46,32,79,84,6,320,1227,103,4619,11635,4205,27839,
